	lu_code	description	lu_group	note	cn_1	cn_2	cn_3	cn_4	cn_5	cn_6	cn_7	max_net_infil_1	max_net_infil_2	max_net_infil_3	max_net_infil_4	max_net_infil_5	max_net_infil_6	max_net_infil_7	growing_season_interception_a	growing_season_interception_b	growing_season_interception_n	nongrowing_season_interception_a	nongrowing_season_interception_b	nongrowing_season_interception_n	rz_1	rz_2	rz_3	rz_4	rz_5	rz_6	rz_7
0	1	Corn	corn	straight row w crop residue; avg of poor and good	56.95	73.2229	82.3064	85.8796	56.95	73.2229	82.3064	3.75	2	0.2213	0.0981	3	0.75	0.06	0.025	0.1133	1.0	0.0	0.0	1.0	2.7350394000000002	1.8	1.8	1.8	2.7350394000000002	1.8	1.8
1	2	Cotton	cott	straight row w crop residue; good	54.4	71.6368	81.2584	85.0432	54.4	71.6368	81.2584	3.75	2	0.2213	0.0981	3	0.75	0.06	0.02	0.14	1.0	0.0	0.0	1.0	2.7350394000000002	1.8	1.8	1.8	2.7350394000000002	1.8	1.8
2	3	Rice	rice	AMC II	94.4636	96.5563	97.7245	98.0	94.4636	96.5563	97.7245	3.75	2	0.2213	0.0981	3	0.75	0.06	0.0738	0.1	1.0	0.0	0.0	1.0	2.7350394000000002	1.8	1.8	1.8	2.7350394000000002	1.8	1.8
3	4	Sorghum	sorg	assume same as corn	56.95	73.2229	82.3064	85.8796	56.95	73.2229	82.3064	3.75	2	0.2213	0.0981	3	0.75	0.06	0.0449	0.1	1.0	0.0	0.0	1.0	2.7350394000000002	1.8	1.8	1.8	2.7350394000000002	1.8	1.8
4	5	Soybeans	soybn	small grains, good, SR	56.95	71.1081	80.909	84.7644	56.95	71.1081	80.909	3.75	2	0.2213	0.0981	3	0.75	0.06	0.01	0.15	1.0	0.0	0.0	1.0	2.7350394000000002	1.8	1.8	1.8	2.7350394000000002	1.8	1.8
5	6	Sunflower	sunf	row crops, SR, avg	70.0	81.34	87.67	90.16	81.34	87.67	90.16	3.75	2	0.2213	0.0981	3	0.75	0.06	0.02	0.17	1.0	0.0	0.0	1.0	2.7350394000000002	1.8	1.8	1.8	2.7350394000000002	1.8	1.8
6	10	Peanuts	clseed	close-seeded, avg, SR	56.95	71.1081	80.909	84.7644	56.95	71.1081	80.909	3.75	2	0.2213	0.0981	3	0.75	0.06	0.0146	0.15	1.0	0.0	0.0	1.0	2.7350394000000002	1.8	1.8	1.8	2.7350394000000002	1.8	1.8
7	11	Tobacco	tobac	row crops, SR, avg	70.0	81.34	87.67	90.16	81.34	87.67	90.16	3.75	2	0.2213	0.0981	3	0.75	0.06	0.03	0.24	1.0	0.0	0.0	1.0	2.7350394000000002	1.8	1.8	1.8	2.7350394000000002	1.8	1.8
8	12	Sweet Corn	corn	assume same as corn	56.95	73.2229	82.3064	85.8796	56.95	73.2229	82.3064	3.75	2	0.2213	0.0981	3	0.75	0.06	0.025	0.1133	1.0	0.0	0.0	1.0	2.7350394000000002	1.8	1.8	1.8	2.7350394000000002	1.8	1.8
9	13	Pop or Orn Corn	corn	assume same as corn	56.95	73.2229	82.3064	85.8796	56.95	73.2229	82.3064	3.75	2	0.2213	0.0981	3	0.75	0.06	0.025	0.1133	1.0	0.0	0.0	1.0	2.7350394000000002	1.8	1.8	1.8	2.7350394000000002	1.8	1.8
10	14	Mint	clseed	close-seeded, SR, avg	63.0017	76.987	84.7937	87.8645	76.987	84.7937	87.8645	3.75	2	0.2213	0.0981	3	0.75	0.06	0.0146	0.15	1.0	0.0	0.0	1.0	2.7350394000000002	1.8	1.8	1.8	2.7350394000000002	1.8	1.8
11	21	Barley	smgrn	small grain, SR, avg	55.1697	72.1156	81.5748	85.2957	72.1156	81.5748	85.2957	3.75	2	0.2213	0.0981	3	0.75	0.06	0.0076	0.15	1.0	0.0002	0.0042	1.0	2.7350394000000002	1.8	1.8	1.8	2.7350394000000002	1.8	1.8
12	22	Durham Wheat	smgrn	small grain, SR, avg	55.1697	72.1156	81.5748	85.2957	72.1156	81.5748	85.2957	3.75	2	0.2213	0.0981	3	0.75	0.06	0.0076	0.15	1.0	0.0002	0.0042	1.0	2.7350394000000002	1.8	1.8	1.8	2.7350394000000002	1.8	1.8
13	23	Spring Wheat	smgrn	small grain, SR, avg	55.1697	72.1156	81.5748	85.2957	72.1156	81.5748	85.2957	3.75	2	0.2213	0.0981	3	0.75	0.06	0.0076	0.15	1.0	0.0002	0.0042	1.0	2.7350394000000002	1.8	1.8	1.8	2.7350394000000002	1.8	1.8
14	24	Winter Wheat	smgrn	small grain, SR, avg	56.95	71.1081	80.909	84.7644	56.95	71.1081	80.909	3.75	2	0.2213	0.0981	3	0.75	0.06	0.0076	0.15	1.0	0.0002	0.0042	1.0	2.7350394000000002	1.8	1.8	1.8	2.7350394000000002	1.8	1.8
15	25	Other Small Grains	smgrn	small grain, SR, avg	55.1697	72.1156	81.5748	85.2957	72.1156	81.5748	85.2957	3.75	2	0.2213	0.0981	3	0.75	0.06	0.0076	0.15	1.0	0.0002	0.0042	1.0	2.7350394000000002	1.8	1.8	1.8	2.7350394000000002	1.8	1.8
16	26	Dbl Crop WinWht/Soybeans	smgrn	small grain, SR, avg	56.95	71.1081	80.909	84.7644	56.95	71.1081	80.909	3.75	2	0.2213	0.0981	3	0.75	0.06	0.0076	0.15	1.0	0.0002	0.0042	1.0	2.7350394000000002	1.8	1.8	1.8	2.7350394000000002	1.8	1.8
17	27	Rye	smgrn	small grain, SR, avg	56.95	71.1081	80.909	84.7644	56.95	71.1081	80.909	3.75	2	0.2213	0.0981	3	0.75	0.06	0.0076	0.15	1.0	0.0002	0.0042	1.0	2.7350394000000002	1.8	1.8	1.8	2.7350394000000002	1.8	1.8
18	28	Oats	smgrn	small grain, SR, avg	55.1697	72.1156	81.5748	85.2957	72.1156	81.5748	85.2957	3.75	2	0.2213	0.0981	3	0.75	0.06	0.0076	0.15	1.0	0.0002	0.0042	1.0	2.7350394000000002	1.8	1.8	1.8	2.7350394000000002	1.8	1.8
19	29	Millet	smgrn	small grain, SR, avg	55.1697	72.1156	81.5748	85.2957	72.1156	81.5748	85.2957	3.75	2	0.2213	0.0981	3	0.75	0.06	0.0076	0.15	1.0	0.0002	0.0042	1.0	2.7350394000000002	1.8	1.8	1.8	2.7350394000000002	1.8	1.8
20	30	Speltz	smgrn	small grain, SR, avg	55.1697	72.1156	81.5748	85.2957	72.1156	81.5748	85.2957	3.75	2	0.2213	0.0981	3	0.75	0.06	0.0076	0.15	1.0	0.0002	0.0042	1.0	2.7350394000000002	1.8	1.8	1.8	2.7350394000000002	1.8	1.8
21	31	Canola	smgrn	small grain, SR, avg	55.1697	72.1156	81.5748	85.2957	72.1156	81.5748	85.2957	3.75	2	0.2213	0.0981	3	0.75	0.06	0.0076	0.15	1.0	0.0002	0.0042	1.0	2.7350394000000002	1.8	1.8	1.8	2.7350394000000002	1.8	1.8
22	32	Flaxseed	smgrn	small grain, SR, avg	55.1697	72.1156	81.5748	85.2957	72.1156	81.5748	85.2957	3.75	2	0.2213	0.0981	3	0.75	0.06	0.0076	0.15	1.0	0.0002	0.0042	1.0	2.7350394000000002	1.8	1.8	1.8	2.7350394000000002	1.8	1.8
23	33	Safflower	smgrn	small grain, SR, avg	55.1697	72.1156	81.5748	85.2957	72.1156	81.5748	85.2957	3.75	2	0.2213	0.0981	3	0.75	0.06	0.0076	0.15	1.0	0.0002	0.0042	1.0	2.7350394000000002	1.8	1.8	1.8	2.7350394000000002	1.8	1.8
24	34	Rape Seed	smgrn	small grain, SR, avg	55.1697	72.1156	81.5748	85.2957	72.1156	81.5748	85.2957	3.75	2	0.2213	0.0981	3	0.75	0.06	0.0076	0.15	1.0	0.0002	0.0042	1.0	2.7350394000000002	1.8	1.8	1.8	2.7350394000000002	1.8	1.8
25	35	Mustard	smgrn	small grain, SR, avg	55.1697	72.1156	81.5748	85.2957	72.1156	81.5748	85.2957	3.75	2	0.2213	0.0981	3	0.75	0.06	0.0076	0.15	1.0	0.0002	0.0042	1.0	2.7350394000000002	1.8	1.8	1.8	2.7350394000000002	1.8	1.8
26	36	Alfalfa	alfalf	close-seeded, SR, avg	62.7105	76.8059	84.674	87.769	76.8059	84.674	87.769	3.75	2	0.2213	0.0981	3	0.75	0.06	0.0075	0.15	1.0	0.0	0.0	1.0	2.7350394000000002	1.8	1.8	1.8	2.7350394000000002	1.8	1.8
27	37	Other Hay/Non Alfalfa	hayoth	continuous grass, protected from grazing	53.394	71.0111	80.845	84.7132	53.394	71.0111	80.845	3.75	2	0.2213	0.0981	3	0.75	0.06	0.0075	0.15	1.0	0.0	0.0	1.0	2.7690814	1.67	1.67	1.67	2.7690814	1.67	1.67
28	38	Camelina	smgrn	0	55.1697	72.1156	81.5748	85.2957	72.1156	81.5748	85.2957	3.75	2	0.2213	0.0981	3	0.75	0.06	0.0076	0.15	1.0	0.0002	0.0042	1.0	2.7350394000000002	1.8	1.8	1.8	2.7350394000000002	1.8	1.8
29	39	Buckwheat	smgrn	small grain, SR, avg	55.1697	72.1156	81.5748	85.2957	72.1156	81.5748	85.2957	3.75	2	0.2213	0.0981	3	0.75	0.06	0.0076	0.15	1.0	0.0002	0.0042	1.0	2.7350394000000002	1.8	1.8	1.8	2.7350394000000002	1.8	1.8
30	41	Sugarbeets	rootvg	0	67.0	79.474	86.437	89.176	79.474	86.437	89.176	3.75	2	0.2213	0.0981	3	0.75	0.06	0.02	0.136	1.0	0.0	0.0	1.0	2.7350394000000002	1.8	1.8	1.8	2.7350394000000002	1.8	1.8
31	42	Snap beans	smveg	0	66.3945	79.0974	86.1882	88.9774	79.0974	86.1882	88.9774	3.75	2	0.2213	0.0981	3	0.75	0.06	0.0098	0.1504	1.0	0.0	0.0	1.0	2.7350394000000002	1.8	1.8	1.8	2.7350394000000002	1.8	1.8
32	43	Potatoes	rootvg	0	67.0	79.474	86.437	89.176	79.474	86.437	89.176	3.75	2	0.2213	0.0981	3	0.75	0.06	0.02	0.136	1.0	0.0	0.0	1.0	2.7350394000000002	1.8	1.8	1.8	2.7350394000000002	1.8	1.8
33	44	Other Crops	smveg	0	66.3945	79.0974	86.1882	88.9774	79.0974	86.1882	88.9774	3.75	2	0.2213	0.0981	3	0.75	0.06	0.0098	0.1504	1.0	0.0	0.0	1.0	2.7350394000000002	1.8	1.8	1.8	2.7350394000000002	1.8	1.8
34	45	Sugarcane	sugcane	0	67.0	79.474	86.437	89.176	67.0	79.474	86.437	3.75	2	0.2213	0.0981	3	0.75	0.06	0.02	0.15	1.0	0.0	0.0	1.0	2.7350394000000002	1.8	1.8	1.8	2.7350394000000002	1.8	1.8
35	46	Sweet Potatoes	swtpot	0	56.95	71.1081	80.909	84.7644	56.95	71.1081	80.909	3.75	2	0.2213	0.0981	3	0.75	0.06	0.01	0.15	1.0	0.0	0.0	1.0	2.7350394000000002	1.8	1.8	1.8	2.7350394000000002	1.8	1.8
36	47	Misc Vegs and Fruits	smveg	0	66.3945	79.0974	86.1882	88.9774	79.0974	86.1882	88.9774	3.75	2	0.2213	0.0981	3	0.75	0.06	0.0098	0.1504	1.0	0.0	0.0	1.0	2.7350394000000002	1.8	1.8	1.8	2.7350394000000002	1.8	1.8
37	48	Watermelons	melon	0	66.5	79.163	86.2315	89.012	79.163	86.2315	89.012	3.75	2	0.2213	0.0981	3	0.75	0.06	0.02	0.1375	1.0	0.0	0.0	1.0	2.7350394000000002	1.8	1.8	1.8	2.7350394000000002	1.8	1.8
38	49	Onions	smveg	0	66.3945	79.0974	86.1882	88.9774	79.0974	86.1882	88.9774	3.75	2	0.2213	0.0981	3	0.75	0.06	0.0098	0.1504	1.0	0.0	0.0	1.0	2.7350394000000002	1.8	1.8	1.8	2.7350394000000002	1.8	1.8
39	50	Cucumbers	smveg	0	66.3945	79.0974	86.1882	88.9774	79.0974	86.1882	88.9774	3.75	2	0.2213	0.0981	3	0.75	0.06	0.0098	0.1504	1.0	0.0	0.0	1.0	2.7350394000000002	1.8	1.8	1.8	2.7350394000000002	1.8	1.8
40	51	Chick Peas	smveg	0	66.3945	79.0974	86.1882	88.9774	79.0974	86.1882	88.9774	3.75	2	0.2213	0.0981	3	0.75	0.06	0.0098	0.1504	1.0	0.0	0.0	1.0	2.7350394000000002	1.8	1.8	1.8	2.7350394000000002	1.8	1.8
41	52	Lentils	smveg	0	66.3945	79.0974	86.1882	88.9774	79.0974	86.1882	88.9774	3.75	2	0.2213	0.0981	3	0.75	0.06	0.0098	0.1504	1.0	0.0	0.0	1.0	2.7350394000000002	1.8	1.8	1.8	2.7350394000000002	1.8	1.8
42	53	Peas	smveg	0	66.3945	79.0974	86.1882	88.9774	79.0974	86.1882	88.9774	3.75	2	0.2213	0.0981	3	0.75	0.06	0.0098	0.1504	1.0	0.0	0.0	1.0	2.7350394000000002	1.8	1.8	1.8	2.7350394000000002	1.8	1.8
43	54	Tomatoes	smveg	0	66.3945	79.0974	86.1882	88.9774	79.0974	86.1882	88.9774	3.75	2	0.2213	0.0981	3	0.75	0.06	0.0098	0.1504	1.0	0.0	0.0	1.0	2.7350394000000002	1.8	1.8	1.8	2.7350394000000002	1.8	1.8
44	55	Caneberries	smveg	0	66.3945	79.0974	86.1882	88.9774	79.0974	86.1882	88.9774	3.75	2	0.2213	0.0981	3	0.75	0.06	0.0098	0.1504	1.0	0.0	0.0	1.0	2.7350394000000002	1.8	1.8	1.8	2.7350394000000002	1.8	1.8
45	56	Hops	smveg	0	66.3945	79.0974	86.1882	88.9774	79.0974	86.1882	88.9774	3.75	2	0.2213	0.0981	3	0.75	0.06	0.0098	0.1504	1.0	0.0	0.0	1.0	2.7350394000000002	1.8	1.8	1.8	2.7350394000000002	1.8	1.8
46	57	Herbs	smveg	0	66.3945	79.0974	86.1882	88.9774	79.0974	86.1882	88.9774	3.75	2	0.2213	0.0981	3	0.75	0.06	0.0098	0.1504	1.0	0.0	0.0	1.0	2.7350394000000002	1.8	1.8	1.8	2.7350394000000002	1.8	1.8
47	58	Clover/Wildflowers	clover	continuous grass, protected from grazing	45.0	65.79	77.395	81.96	65.79	77.395	81.96	3.75	2	0.2213	0.0981	3	0.75	0.06	0.005	0.08	1.0	0.002	0.027	1.0	2.7690814	1.67	1.67	1.67	2.7690814	1.67	1.67
48	59	Sod/Grass Seed	sod	continuous grass, protected from grazing	53.394	71.0111	80.845	84.7132	53.394	71.0111	80.845	3.75	2	0.2213	0.0981	3	0.75	0.06	0.0075	0.01	1.0	0.003	0.003	1.0	2.7690814	1.67	1.67	1.67	2.7690814	1.67	1.67
49	60	Switchgrass	swtchgr	continuous grass, protected from grazing	50.0	68.9	79.45	83.6	68.9	79.45	83.6	3.75	2	0.2213	0.0981	3	0.75	0.06	0.01	0.16	1.0	0.003	0.053	1.0	2.7690814	1.67	1.67	1.67	2.7690814	1.67	1.67
50	61	Fallow / Idle	fallow	0	53.394	71.0111	80.845	84.7132	53.394	71.0111	80.845	3.75	2	0.2213	0.0981	3	0.75	0.06	0.0	0.0	1.0	0.0	0.0	1.0	1.0	1.0	1.0	1.0	1.0	1.0	1.0
51	66	Cherries	frttr	woods-grass combination, poor	59.8786	75.0445	83.5101	86.8402	75.0445	83.5101	86.8402	3.75	2	0.2213	0.0981	3	0.75	0.06	0.0516	0.18	1.0	0.0089	0.0567	1.0	5.183228399999999	3.51	3.51	3.51	5.183228399999999	3.51	3.51
52	67	Peaches	frttr	woods-grass combination, poor	59.8786	75.0445	83.5101	86.8402	75.0445	83.5101	86.8402	3.75	2	0.2213	0.0981	3	0.75	0.06	0.0516	0.18	1.0	0.0089	0.0567	1.0	5.183228399999999	3.51	3.51	3.51	5.183228399999999	3.51	3.51
53	68	Apples	frttr	woods-grass combination, poor	59.8786	75.0445	83.5101	86.8402	75.0445	83.5101	86.8402	3.75	2	0.2213	0.0981	3	0.75	0.06	0.0516	0.18	1.0	0.0089	0.0567	1.0	5.183228399999999	3.51	3.51	3.51	5.183228399999999	3.51	3.51
54	69	Grapes	frttr	woods-grass combination, poor	59.8786	75.0445	83.5101	86.8402	75.0445	83.5101	86.8402	3.75	2	0.2213	0.0981	3	0.75	0.06	0.0516	0.18	1.0	0.0089	0.0567	1.0	5.183228399999999	3.51	3.51	3.51	5.183228399999999	3.51	3.51
55	70	Christmas Trees	xmastr	woods-grass combination, fair	54.0	71.388	81.094	84.912	71.388	81.094	84.912	3.75	2	0.2213	0.0981	3	0.75	0.06	0.05	0.18	1.0	0.05	0.18	1.0	2.9027822	1.41	1.41	1.41	2.9027822	1.41	1.41
56	71	Other Tree Crops	frttr	woods-grass combination, poor	59.8786	75.0445	83.5101	86.8402	75.0445	83.5101	86.8402	3.75	2	0.2213	0.0981	3	0.75	0.06	0.0516	0.18	1.0	0.0089	0.0567	1.0	5.183228399999999	3.51	3.51	3.51	5.183228399999999	3.51	3.51
57	72	Citrus	frttr	woods-grass combination, poor	59.8786	75.0445	83.5101	86.8402	75.0445	83.5101	86.8402	3.75	2	0.2213	0.0981	3	0.75	0.06	0.0516	0.18	1.0	0.0089	0.0567	1.0	5.183228399999999	3.51	3.51	3.51	5.183228399999999	3.51	3.51
58	74	Pecans	frttr	woods-grass combination, poor	59.8786	75.0445	83.5101	86.8402	75.0445	83.5101	86.8402	3.75	2	0.2213	0.0981	3	0.75	0.06	0.0516	0.18	1.0	0.0089	0.0567	1.0	5.183228399999999	3.51	3.51	3.51	5.183228399999999	3.51	3.51
59	75	Almonds	frttr	woods-grass combination, poor	59.8786	75.0445	83.5101	86.8402	75.0445	83.5101	86.8402	3.75	2	0.2213	0.0981	3	0.75	0.06	0.0516	0.18	1.0	0.0089	0.0567	1.0	5.183228399999999	3.51	3.51	3.51	5.183228399999999	3.51	3.51
60	76	Walnuts	frttr	woods-grass combination, poor	59.8786	75.0445	83.5101	86.8402	75.0445	83.5101	86.8402	3.75	2	0.2213	0.0981	3	0.75	0.06	0.0516	0.18	1.0	0.0089	0.0567	1.0	5.183228399999999	3.51	3.51	3.51	5.183228399999999	3.51	3.51
61	77	Pears	frttr	woods-grass combination, poor	59.8786	75.0445	83.5101	86.8402	75.0445	83.5101	86.8402	3.75	2	0.2213	0.0981	3	0.75	0.06	0.0516	0.18	1.0	0.0089	0.0567	1.0	5.183228399999999	3.51	3.51	3.51	5.183228399999999	3.51	3.51
62	87	Wetland	0	0	53.7698	71.2448	80.9994	84.8365	53.7698	71.2448	80.9994	3.75	2	0.2213	0.0981	3	0.75	0.06	0.0075	0.15	1.0	0.004	0.05	1.0	2.7690814	1.67	1.67	1.67	2.7690814	1.67	1.67
63	92	Aquaculture	aqua	0	92.0	95.024	96.712	97.376	95.024	96.712	97.376	3.75	2	0.2213	0.0981	3	0.75	0.06	0.0	0.0	1.0	0.0	0.0	1.0	2.440315	1.21	1.21	1.21	2.440315	1.21	1.21
64	111	OPEN WATER	openwat	0	99.0	99.0	99.0	99.0	99.0	99.0	99.0	0.0	0	0.0	0.0	0	0.0	0.0	0.0	0.0	1.0	0.0	0.0	1.0	0.0	0.0	0.0	0.0	0.0	0.0	0.0
65	121	Developed, Open Space	devopen	open space, fair	44.3663	65.3958	77.1345	81.7521	44.3663	65.3958	77.1345	3.75	2	0.2213	0.0981	3	0.75	0.06	0.015	0.08	1.0	0.005	0.027	1.0	2.440315	1.21	1.21	1.21	2.440315	1.21	1.21
66	122	Developed, Low Intensity	devlow	developed, residential, 1/8 acre or less	44.3663	65.3958	77.1345	81.7521	44.3663	65.3958	77.1345	3.75	2	0.2213	0.0981	3	0.75	0.06	0.01	0.1	1.0	0.0035	0.033	1.0	2.440315	1.21	1.21	1.21	2.440315	1.21	1.21
67	123	Developed, Medium Intensity	devmed	developed, industrial	83.9536	90.0192	93.4049	94.7368	83.9536	90.0192	93.4049	3.75	2	0.2213	0.0981	3	0.75	0.06	0.01	0.08	1.0	0.0105	0.027	1.0	2.440315	1.21	1.21	1.21	2.440315	1.21	1.21
68	124	Developed, High Intensity	devhi	developed, commercial	83.9536	90.0192	93.4049	94.7368	83.9536	90.0192	93.4049	3.75	2	0.2213	0.0981	3	0.75	0.06	0.01	0.08	1.0	0.0105	0.027	1.0	2.440315	1.21	1.21	1.21	2.440315	1.21	1.21
69	131	Barren Land	barren	0	81.4	88.4308	92.3554	93.8992	81.4	88.4308	92.3554	3.75	2	0.2213	0.0981	3	0.75	0.06	0.0	0.0	1.0	0.0	0.0	1.0	2.440315	1.21	1.21	1.21	2.440315	1.21	1.21
70	141	Deciduous Forest	decfrst	woods, poor; CNs for forested LU tend to be too low	44.2	65.2924	77.0662	81.6976	44.2	65.2924	77.0662	3.75	2	0.2213	0.0981	3	0.75	0.06	0.02	0.18	0.5	0.0065	0.06	0.5	5.183228399999999	3.51	3.51	3.51	5.183228399999999	3.51	3.51
71	142	Evergreen Forest	evfrst	woods, poor; CNs for forested LU tend to be too low	42.9528	64.5166	76.5536	81.2885	42.9528	64.5166	76.5536	3.75	2	0.2213	0.0981	3	0.75	0.06	0.025	0.2	0.5	0.0671	0.2	0.5	2.9027822	1.41	1.41	1.41	2.9027822	1.41	1.41
72	143	Mixed Forest	mixfrst	woods, poor; CNs for forested LU tend to be too low	52.3075	70.3353	80.3984	84.3569	52.3075	70.3353	80.3984	3.75	2	0.2213	0.0981	3	0.75	0.06	0.0225	0.19	0.5	0.0115	0.095	0.5	4.1322048	1.77	1.77	1.77	4.1322048	1.77	1.77
73	151	Dwarf Scrub	dwscrub	brush, poor	56.0	72.632	81.916	85.568	56.0	72.632	81.916	3.75	2	0.2213	0.0981	3	0.75	0.06	0.01	0.16	1.0	0.003	0.053	1.0	2.440315	1.21	1.21	1.21	2.440315	1.21	1.21
74	152	Shrub/Scrub	shrub	brush, poor	52.275	70.315	80.385	84.3462	52.275	70.315	80.385	3.75	2	0.2213	0.0981	3	0.75	0.06	0.005	0.16	1.0	0.0008	0.0265	1.0	2.440315	1.21	1.21	1.21	2.440315	1.21	1.21
75	171	Grassland/Herbaceous (arid)	grsherb	grassland, poor	53.394	71.0111	80.845	84.7132	53.394	71.0111	80.845	3.75	2	0.2213	0.0981	3	0.75	0.06	0.015	0.15	1.0	0.005	0.05	1.0	2.7690814	1.67	1.67	1.67	2.7690814	1.67	1.67
76	176	Grass/Pasture	pasture	grassland, fair	53.394	71.0111	80.845	84.7132	53.394	71.0111	80.845	3.75	2	0.2213	0.0981	3	0.75	0.06	0.0075	0.15	1.0	0.0025	0.05	1.0	2.7690814	1.67	1.67	1.67	2.7690814	1.67	1.67
77	181	Pasture/Hay (fair)	hay	0	53.394	71.0111	80.845	84.7132	53.394	71.0111	80.845	3.75	2	0.2213	0.0981	3	0.75	0.06	0.015	0.15	1.0	0.005	0.05	1.0	2.7690814	1.67	1.67	1.67	2.7690814	1.67	1.67
78	182	Cultivated Crops (SR+CR poor)	gencrop	0	64.0	77.608	85.204	88.192	64.0	77.608	85.204	3.75	2	0.2213	0.0981	3	0.75	0.06	0.03	0.1	1.0	0.01	0.033	1.0	2.7350394000000002	1.8	2.4	2.4	3.3350394	2.4	2.4
79	190	Woody Wetlands	wdwetl	0	47.8579	67.5676	78.5696	82.8974	47.8579	67.5676	78.5696	3.75	2	0.2213	0.0981	3	0.75	0.06	0.02	0.18	1.0	0.0065	0.06	1.0	2.440315	1.21	1.21	1.21	2.440315	1.21	1.21
80	195	Emergent Herbaceous Wetlands	hbwetl	0	53.7698	71.2448	80.9994	84.8365	53.7698	71.2448	80.9994	3.75	2	0.2213	0.0981	3	0.75	0.06	0.0075	0.15	1.0	0.004	0.05	1.0	2.7690814	1.67	1.67	1.67	2.7690814	1.67	1.67
81	204	Pistachios	frttr	0	59.8786	75.0445	83.5101	86.8402	75.0445	83.5101	86.8402	3.75	2	0.2213	0.0981	3	0.75	0.06	0.0516	0.18	1.0	0.0089	0.0567	1.0	5.183228399999999	3.51	3.51	3.51	5.183228399999999	3.51	3.51
82	205	Triticale	smgrn	0	55.1697	72.1156	81.5748	85.2957	72.1156	81.5748	85.2957	3.75	2	0.2213	0.0981	3	0.75	0.06	0.0076	0.15	1.0	0.0002	0.0042	1.0	2.7350394000000002	1.8	1.8	1.8	2.7350394000000002	1.8	1.8
83	206	Carrots	rootvg	0	67.0	79.474	86.437	89.176	79.474	86.437	89.176	3.75	2	0.2213	0.0981	3	0.75	0.06	0.02	0.136	1.0	0.0	0.0	1.0	2.7350394000000002	1.8	1.8	1.8	2.7350394000000002	1.8	1.8
84	207	Asparagus	smveg	0	66.3945	79.0974	86.1882	88.9774	79.0974	86.1882	88.9774	3.75	2	0.2213	0.0981	3	0.75	0.06	0.0098	0.1504	1.0	0.0	0.0	1.0	2.7350394000000002	1.8	1.8	1.8	2.7350394000000002	1.8	1.8
85	208	Garlic	smveg	0	66.3945	79.0974	86.1882	88.9774	79.0974	86.1882	88.9774	3.75	2	0.2213	0.0981	3	0.75	0.06	0.0098	0.1504	1.0	0.0	0.0	1.0	2.7350394000000002	1.8	1.8	1.8	2.7350394000000002	1.8	1.8
86	209	Cantaloupes	melon	0	66.5	79.163	86.2315	89.012	79.163	86.2315	89.012	3.75	2	0.2213	0.0981	3	0.75	0.06	0.02	0.1375	1.0	0.0	0.0	1.0	2.7350394000000002	1.8	1.8	1.8	2.7350394000000002	1.8	1.8
87	210	Prunes	frttr	0	59.8786	75.0445	83.5101	86.8402	75.0445	83.5101	86.8402	3.75	2	0.2213	0.0981	3	0.75	0.06	0.0516	0.18	1.0	0.0089	0.0567	1.0	2.7350394000000002	1.8	1.8	1.8	2.7350394000000002	1.8	1.8
88	211	Olives	frttr	woods-grass combination, poor	59.8786	75.0445	83.5101	86.8402	75.0445	83.5101	86.8402	3.75	2	0.2213	0.0981	3	0.75	0.06	0.0516	0.18	1.0	0.0089	0.0567	1.0	5.183228399999999	3.51	3.51	3.51	5.183228399999999	3.51	3.51
89	212	Oranges	frttr	woods-grass combination, poor	59.8786	75.0445	83.5101	86.8402	75.0445	83.5101	86.8402	3.75	2	0.2213	0.0981	3	0.75	0.06	0.0516	0.18	1.0	0.0089	0.0567	1.0	5.183228399999999	3.51	3.51	3.51	5.183228399999999	3.51	3.51
90	213	Honeydew Melons	melon	0	66.5	79.163	86.2315	89.012	79.163	86.2315	89.012	3.75	2	0.2213	0.0981	3	0.75	0.06	0.02	0.1375	1.0	0.0	0.0	1.0	2.7350394000000002	1.8	1.8	1.8	2.7350394000000002	1.8	1.8
91	214	Broccoli	smveg	0	66.3945	79.0974	86.1882	88.9774	79.0974	86.1882	88.9774	3.75	2	0.2213	0.0981	3	0.75	0.06	0.0098	0.1504	1.0	0.0	0.0	1.0	2.7350394000000002	1.8	1.8	1.8	2.7350394000000002	1.8	1.8
92	216	Peppers	smveg	0	66.3945	79.0974	86.1882	88.9774	79.0974	86.1882	88.9774	3.75	2	0.2213	0.0981	3	0.75	0.06	0.0098	0.1504	1.0	0.0	0.0	1.0	2.7350394000000002	1.8	1.8	1.8	2.7350394000000002	1.8	1.8
93	217	Pomegranates	frttr	0	59.8786	75.0445	83.5101	86.8402	75.0445	83.5101	86.8402	3.75	2	0.2213	0.0981	3	0.75	0.06	0.0516	0.18	1.0	0.0089	0.0567	1.0	5.183228399999999	3.51	3.51	3.51	5.183228399999999	3.51	3.51
94	218	Nectarines	frttr	0	59.8786	75.0445	83.5101	86.8402	75.0445	83.5101	86.8402	3.75	2	0.2213	0.0981	3	0.75	0.06	0.0516	0.18	1.0	0.0089	0.0567	1.0	5.183228399999999	3.51	3.51	3.51	5.183228399999999	3.51	3.51
95	219	Greens	smveg	0	66.3945	79.0974	86.1882	88.9774	79.0974	86.1882	88.9774	3.75	2	0.2213	0.0981	3	0.75	0.06	0.0098	0.1504	1.0	0.0	0.0	1.0	2.7350394000000002	1.8	1.8	1.8	2.7350394000000002	1.8	1.8
96	220	Plums	frttr	0	59.8786	75.0445	83.5101	86.8402	75.0445	83.5101	86.8402	3.75	2	0.2213	0.0981	3	0.75	0.06	0.0516	0.18	1.0	0.0089	0.0567	1.0	2.7350394000000002	1.8	1.8	1.8	2.7350394000000002	1.8	1.8
97	221	Strawberries	smveg	0	66.3945	79.0974	86.1882	88.9774	79.0974	86.1882	88.9774	3.75	2	0.2213	0.0981	3	0.75	0.06	0.0098	0.1504	1.0	0.0	0.0	1.0	2.7350394000000002	1.8	1.8	1.8	2.7350394000000002	1.8	1.8
98	222	Squash	smveg	0	66.3945	79.0974	86.1882	88.9774	79.0974	86.1882	88.9774	3.75	2	0.2213	0.0981	3	0.75	0.06	0.0098	0.1504	1.0	0.0	0.0	1.0	2.7350394000000002	1.8	1.8	1.8	2.7350394000000002	1.8	1.8
99	223	Apricots	frttr	0	59.8786	75.0445	83.5101	86.8402	75.0445	83.5101	86.8402	3.75	2	0.2213	0.0981	3	0.75	0.06	0.0516	0.18	1.0	0.0089	0.0567	1.0	5.183228399999999	3.51	3.51	3.51	5.183228399999999	3.51	3.51
100	224	Vetch	vetch	0	67.0	79.474	86.437	89.176	79.474	86.437	89.176	3.75	2	0.2213	0.0981	3	0.75	0.06	0.02	0.06	1.0	0.01	0.03	1.0	2.7690814	1.67	1.67	1.67	2.7690814	1.67	1.67
101	225	Dbl Crop WinWht/Corn	dblcrp	small grain, SR, poor	56.95	71.1081	80.909	84.7644	56.95	71.1081	80.909	3.75	2	0.2213	0.0981	3	0.75	0.06	0.0075	0.15	1.0	0.004	0.075	1.0	2.7350394000000002	1.8	1.8	1.8	2.7350394000000002	1.8	1.8
102	226	Dbl Crop Oats/Corn	dblcrp	small grain, SR, poor	56.95	71.1081	80.909	84.7644	56.95	71.1081	80.909	3.75	2	0.2213	0.0981	3	0.75	0.06	0.0075	0.15	1.0	0.004	0.075	1.0	2.7350394000000002	1.8	1.8	1.8	2.7350394000000002	1.8	1.8
103	227	Lettuce	smveg	0	66.3945	79.0974	86.1882	88.9774	79.0974	86.1882	88.9774	3.75	2	0.2213	0.0981	3	0.75	0.06	0.0098	0.1504	1.0	0.0	0.0	1.0	2.7350394000000002	1.8	1.8	1.8	2.7350394000000002	1.8	1.8
104	229	Pumpkins	melon	0	66.5	79.163	86.2315	89.012	79.163	86.2315	89.012	3.75	2	0.2213	0.0981	3	0.75	0.06	0.02	0.1375	1.0	0.0	0.0	1.0	2.7350394000000002	1.8	1.8	1.8	2.7350394000000002	1.8	1.8
105	230	Dbl Crop Lettuce/Durum Wht	dblcrp	small grain, SR, poor	63.4349	77.2565	84.9718	88.0067	77.2565	84.9718	88.0067	3.75	2	0.2213	0.0981	3	0.75	0.06	0.0075	0.15	1.0	0.004	0.075	1.0	2.7350394000000002	1.8	1.8	1.8	2.7350394000000002	1.8	1.8
106	231	Dbl Crop Lettuce/Cantaloupe	dblcrp	small grain, SR, poor	63.4349	77.2565	84.9718	88.0067	77.2565	84.9718	88.0067	3.75	2	0.2213	0.0981	3	0.75	0.06	0.0075	0.15	1.0	0.004	0.075	1.0	2.7350394000000002	1.8	1.8	1.8	2.7350394000000002	1.8	1.8
107	232	Dbl Crop Lettuce/Cotton	dblcrp	small grain, SR, poor	63.4349	77.2565	84.9718	88.0067	77.2565	84.9718	88.0067	3.75	2	0.2213	0.0981	3	0.75	0.06	0.0075	0.15	1.0	0.004	0.075	1.0	2.7350394000000002	1.8	1.8	1.8	2.7350394000000002	1.8	1.8
108	233	Dbl Crop Lettuce/Barley	dblcrp	small grain, SR, poor	63.4349	77.2565	84.9718	88.0067	77.2565	84.9718	88.0067	3.75	2	0.2213	0.0981	3	0.75	0.06	0.0075	0.15	1.0	0.004	0.075	1.0	2.7350394000000002	1.8	1.8	1.8	2.7350394000000002	1.8	1.8
109	234	Dbl Crop Durum Wht/Sorghum	dblcrp	small grain, SR, poor	63.4349	77.2565	84.9718	88.0067	77.2565	84.9718	88.0067	3.75	2	0.2213	0.0981	3	0.75	0.06	0.0075	0.15	1.0	0.004	0.075	1.0	2.7350394000000002	1.8	1.8	1.8	2.7350394000000002	1.8	1.8
110	235	Dbl Crop Barley/Sorghum	dblcrp	small grain, SR, poor	63.4349	77.2565	84.9718	88.0067	77.2565	84.9718	88.0067	3.75	2	0.2213	0.0981	3	0.75	0.06	0.0075	0.15	1.0	0.004	0.075	1.0	2.7350394000000002	1.8	1.8	1.8	2.7350394000000002	1.8	1.8
111	236	Dbl Crop WinWht/Sorghum	dblcrp	small grain, SR, poor	56.95	71.1081	80.909	84.7644	56.95	71.1081	80.909	3.75	2	0.2213	0.0981	3	0.75	0.06	0.0075	0.15	1.0	0.004	0.075	1.0	2.7350394000000002	1.8	1.8	1.8	2.7350394000000002	1.8	1.8
112	237	Dbl Crop Barley/Corn	dblcrp	small grain, SR, poor	63.4349	77.2565	84.9718	88.0067	77.2565	84.9718	88.0067	3.75	2	0.2213	0.0981	3	0.75	0.06	0.0075	0.15	1.0	0.004	0.075	1.0	2.7350394000000002	1.8	1.8	1.8	2.7350394000000002	1.8	1.8
113	238	Dbl Crop WinWht/Cotton	dblcrp	small grain, SR, poor	56.95	71.1081	80.909	84.7644	56.95	71.1081	80.909	3.75	2	0.2213	0.0981	3	0.75	0.06	0.0075	0.15	1.0	0.004	0.075	1.0	2.7350394000000002	1.8	1.8	1.8	2.7350394000000002	1.8	1.8
114	239	Dbl Crop Soybeans/Cotton	dblcrp	small grain, SR, poor	56.95	71.1081	80.909	84.7644	56.95	71.1081	80.909	3.75	2	0.2213	0.0981	3	0.75	0.06	0.0075	0.15	1.0	0.004	0.075	1.0	2.7350394000000002	1.8	1.8	1.8	2.7350394000000002	1.8	1.8
115	240	Dbl Crop Soybeans/Oats	dblcrp	small grain, SR, poor	56.95	71.1081	80.909	84.7644	56.95	71.1081	80.909	3.75	2	0.2213	0.0981	3	0.75	0.06	0.0075	0.15	1.0	0.004	0.075	1.0	2.7350394000000002	1.8	1.8	1.8	2.7350394000000002	1.8	1.8
116	241	Dbl Crop Corn/Soybeans	dblcrp	small grain, SR, poor	63.4349	77.2565	84.9718	88.0067	77.2565	84.9718	88.0067	3.75	2	0.2213	0.0981	3	0.75	0.06	0.0075	0.15	1.0	0.004	0.075	1.0	2.7350394000000002	1.8	1.8	1.8	2.7350394000000002	1.8	1.8
117	242	Blueberries	shrub	0	52.275	70.315	80.385	84.3462	70.315	80.385	84.3462	3.75	2	0.2213	0.0981	3	0.75	0.06	0.005	0.16	1.0	0.0008	0.0265	1.0	2.440315	1.21	1.21	1.21	2.440315	1.21	1.21
118	243	Cabbage	smveg	0	66.3945	79.0974	86.1882	88.9774	79.0974	86.1882	88.9774	3.75	2	0.2213	0.0981	3	0.75	0.06	0.0098	0.1504	1.0	0.0	0.0	1.0	2.7350394000000002	1.8	1.8	1.8	2.7350394000000002	1.8	1.8
119	244	Cauliflower	smveg	0	66.3945	79.0974	86.1882	88.9774	79.0974	86.1882	88.9774	3.75	2	0.2213	0.0981	3	0.75	0.06	0.0098	0.1504	1.0	0.0	0.0	1.0	2.7350394000000002	1.8	1.8	1.8	2.7350394000000002	1.8	1.8
120	245	Celery	smveg	0	66.3945	79.0974	86.1882	88.9774	79.0974	86.1882	88.9774	3.75	2	0.2213	0.0981	3	0.75	0.06	0.0098	0.1504	1.0	0.0	0.0	1.0	2.7350394000000002	1.8	1.8	1.8	2.7350394000000002	1.8	1.8
121	246	Radishes	rootvg	0	67.0	79.474	86.437	89.176	79.474	86.437	89.176	3.75	2	0.2213	0.0981	3	0.75	0.06	0.02	0.136	1.0	0.0	0.0	1.0	2.7350394000000002	1.8	1.8	1.8	2.7350394000000002	1.8	1.8
122	247	Turnips	rootvg	0	67.0	79.474	86.437	89.176	79.474	86.437	89.176	3.75	2	0.2213	0.0981	3	0.75	0.06	0.02	0.136	1.0	0.0	0.0	1.0	2.7350394000000002	1.8	1.8	1.8	2.7350394000000002	1.8	1.8
123	248	Eggplants	smveg	0	66.3945	79.0974	86.1882	88.9774	79.0974	86.1882	88.9774	3.75	2	0.2213	0.0981	3	0.75	0.06	0.0098	0.1504	1.0	0.0	0.0	1.0	2.7350394000000002	1.8	1.8	1.8	2.7350394000000002	1.8	1.8
124	249	Gourds	smveg	0	66.3945	79.0974	86.1882	88.9774	79.0974	86.1882	88.9774	3.75	2	0.2213	0.0981	3	0.75	0.06	0.0098	0.1504	1.0	0.0	0.0	1.0	2.7350394000000002	1.8	1.8	1.8	2.7350394000000002	1.8	1.8
125	250	Cranberries	cran	0	51.0	69.522	79.861	83.928	69.522	79.861	83.928	3.75	2	0.2213	0.0981	3	0.75	0.06	0.01	0.16	1.0	0.0	0.0	1.0	2.440315	1.21	1.21	1.21	2.440315	1.21	1.21
126	254	Dbl Crop Barley/Soybeans	dblcrp	small grain, SR, poor	56.95	71.1081	80.909	84.7644	56.95	71.1081	80.909	3.75	2	0.2213	0.0981	3	0.75	0.06	0.0075	0.15	1.0	0.004	0.075	1.0	2.7350394000000002	1.8	1.8	1.8	2.7350394000000002	1.8	1.8
